-4.970453923679896
2.890856192916175
-2.2329318390367323
1.1140778309529429
-0.09768818029654014
-1.591992131132618
4.00480406696248
2.213701362900019
4.788979400425845
-4.897723026315526
-2.9259196425759573
1.4549371024337514
-0.8512107604016892
-4.993217659925323
-2.2529747367272144
-4.287583943287193
0.047183363776575504
3.18422233629488
0.5024768730336957
2.7208586997184447
-4.098409447331116
-2.953075657052775
-0.6367735879376566
-0.17728416252898693
-3.9132073508892953
4.7713408707915015
-3.8076039181961474
3.226631676363013
1.381799442849844
2.2362409591926244
3.994926849419768
0.1998453169625236
0.6956775659302501
2.349660106963876
3.0089725298468935
-0.9054528473087888
0.42542565951908706
1.8376316701892659
-3.5934984890711617
-0.9829701602602832
-4.726545006861778
0.16186118109706626
-3.262688450698996
-3.86690501563814
0.4631998455645512
-4.02784966672273
2.13196801739357
-4.749597039991275
2.115855164354146
1.2021780116517249
-2.8083587739728455
-4.1675549979350235
4.949727574901651
-4.441793986121065
-4.2261627763686445
1.3000443510191548
4.368019467464597
4.835901450299083
-4.379087703386265
-0.6240590807367594
-2.202383864468361
3.9910534687045622
1.7758529886200751
3.453044869586183
2.452322676340895
1.1741097037646124
4.047189462754968
0.4575063673092652
3.2240024168791095
-1.5664465744608802
4.5729683623501955
2.7841131224929994
4.419500703870471
2.253451223689699
-3.6713399170659153
-3.345214056949203
-1.35270196654227
3.792664709034412
-2.5528390918902244
-3.1846219998109815
-0.6608566171199133
3.5691895629131327
2.4733461922120643
0.12107094988566214
-4.943762127289658
-0.026705066103121844
1.0640078438906606
-0.07501426191666916
-2.6014271745343454
4.575386327222999
0.9430317401338284
-0.28211591464840424
0.2195529995367469
1.5991293227396328
-4.296102783987163
4.0617822700989095
-4.11699838317057
-0.5766791137996403
1.9735333968183486
2.4663691024490877
