101 82 66 35 31 7 20 92 154 125
82 66 35 31 7 20 92 154 125 85
66 35 31 7 20 92 154 125 85 68
35 31 7 20 92 154 125 85 68 38
1 7 20 92 154 125 85 68 38 23
7 20 92 154 125 85 68 38 23 10
20 92 154 125 85 68 38 23 10 24
92 154 125 85 68 38 23 10 24 83
154 125 85 68 38 23 10 24 83 132
125 85 68 38 23 10 24 83 132 131
85 68 38 23 10 24 83 132 131 118
68 38 23 10 24 83 132 131 118 90
38 23 10 24 83 132 131 118 90 67
23 10 24 83 132 131 118 90 67 60
10 24 83 132 131 118 90 67 60 47
24 83 132 131 118 90 67 60 47 41
83 132 131 118 90 67 60 47 41 21
132 131 118 90 67 60 47 41 21 16
131 118 90 67 60 47 41 21 16 6
118 90 67 60 47 41 21 16 6 4